8.226205556156021004e-01 1.006594557907764642e+00
1.811093201763105176e+00 2.053035607560095954e+00
1.902099026565590822e+00 1.995987551729095033e+00
1.902785997195733936e+00 2.130019557471493741e+00
1.996357942751897818e+00 2.166549781880846570e+00
1.104035025514328749e+00 8.612485307919436339e-01
1.828616681849914771e+00 1.962324342755880968e+00
9.983008122163923304e-01 9.629312502086924130e-01
1.172937864390445561e+00 8.791992467586170479e-01
9.953354496030805132e-01 1.080040219146195968e+00
1.217469025588710396e+00 1.079343691282719231e+00
1.928614241036205268e+00 2.113207080828322315e+00
2.010944613274618931e+00 1.857475166965860236e+00
9.058120995812870557e-01 1.014011336503910288e+00
-6.872473359788817959e-02 5.104510938806760406e-02
-1.760442223856997224e-01 1.406341142626852114e-01
1.863300786240164042e+00 2.158153860408047464e+00
2.020571387261492102e+00 1.868900063969037850e+00
1.066739414644225281e+00 1.088004823129243182e+00
1.987935798731378378e+00 1.975693566323365236e+00
1.909047330057589198e+00 1.912915022913046714e+00
1.085600650635832443e+00 9.069236489672802826e-01
2.015765964347666916e-02 -1.015434049515153703e-01
1.151437719692169237e+00 1.065798914772938311e+00
-1.398192607913963104e-01 -6.049778849427187022e-02
1.994199493506237930e+00 2.088084099473753952e+00
1.950803377671718852e+00 2.148248821183335266e+00
9.043180813994410316e-01 8.434377657459393163e-01
7.194271212236670598e-02 -1.511046766768899853e-02
-9.254379475137776423e-02 8.317261942880278813e-02
2.077735038981823212e+00 1.958029840117387010e+00
9.410588800570502954e-01 1.111145401634527463e+00
1.884398220853017891e+00 1.977670809686852049e+00
1.867738186490562224e+00 2.017951549093205177e+00
1.111708496066978746e+00 9.971064838600925961e-01
-1.747922776148618240e-01 8.621439704838049223e-02
8.406709866327782832e-02 1.106422248905384875e-01
1.875051124072417252e+00 2.029899418731651917e+00
1.952698828740325299e+00 1.966039500030591469e+00
1.058631756790218370e+00 1.113600246039023300e+00
2.067825529460473266e+00 2.108107383408117208e+00
-5.399026104783870988e-02 8.283360798473460296e-02
-9.683897857573486867e-02 -8.613772871459018932e-02
2.285358315602150844e-02 3.122755079217368057e-02
1.007705724554705862e+00 9.051005611872243728e-01
1.252788568477896325e+00 1.002442851091059905e+00
1.028993552015974755e+00 1.047781780136642249e+00
-1.048384216798966817e-01 -1.509063832749679701e-01
7.743408989514796170e-01 1.022993362929014660e+00
-6.000213625960933161e-02 5.806403341196573337e-02
1.020569208177458109e-01 1.500358781908682770e-01
4.663893734656149835e-03 -7.382230585155456770e-02
4.725495648863854703e-02 -6.183304505285186492e-02
-2.079052980543460993e-02 7.738952363395033146e-03
1.393616310958814275e-01 3.101668425382785380e-02
1.025017456670271221e+00 1.217215589916837981e+00
-7.012953032677643472e-02 -7.921114597072152763e-02
1.861755574115083745e+00 1.896964437631069922e+00
9.777795103076920569e-01 1.077285322227321096e+00
1.150221923292833681e+00 1.005875896713629869e+00
1.937356271441881495e+00 1.790612088446029260e+00
1.016354028044575308e+00 8.459615613739368545e-01
1.058309013668388143e+00 9.815370441386450651e-01
9.581410366709500748e-01 9.687233607462162333e-01
9.940493937499187416e-01 1.129580186768478933e+00
-6.539159034582474328e-02 -2.313921822338710355e-01
1.915471611257380191e+00 1.943541792229559251e+00
-3.628817865707501672e-02 -4.637977785098193473e-02
2.163631920151304122e+00 1.988080828619172014e+00
1.287723602887656804e-02 5.147621308404779633e-02
1.455862642656615205e-02 -1.091142904461671892e-01
5.895650884316003953e-02 1.636428556715097682e-01
2.022838912444003601e+00 2.102279113628385598e+00
2.026484739883571695e+00 1.873639803903771162e+00
-1.029929626020094358e-01 -1.299685946090679278e-01
-7.267150929467054710e-02 -7.026193426143981235e-02
1.017489583587551927e+00 9.136297530433931113e-01
-1.104504875297750589e-03 -7.789332755921379858e-02
1.129946031470168588e+00 1.034499493988762397e+00
1.865857963590424440e+00 1.960536534848290380e+00
-2.729555613307791950e-01 -1.729204124086460015e-02
1.807066569606127659e+00 2.001997072896315011e+00
1.141934492150267211e+00 9.144205660178592598e-01
-3.840288616756244028e-02 3.805064386957912603e-02
1.067103562331653599e+00 9.193514499265067474e-01
1.879304605231441938e+00 1.912279597568927736e+00
7.029035248156682014e-01 9.912338111857803558e-01
3.584402847760098654e-02 -8.867223240639052553e-03
2.106346391696436449e+00 2.119246792655264944e+00
1.903435540108424862e+00 1.932469361096564642e+00
